11	0,-0.298922939
9	0,-0.190755192
3	0,0.674586788
8	0,0.458251293
17	0,-0.407090687
3	0,0.241915798
17	0,-0.407090687
14	0,-0.623426182
13	1,-0.353006813
17	0,-0.731593929
20	0,-0.516340112
5	0,-0.596384245
14	0,-0.407090687
16	0,0.674586788
9	0,-0.785677803
1	0,-0.407090687
17	0,0.025580303
5	0,-0.434132624
17	0,-0.623426182
15	1,0.782754536
8	0,1.972599758
5	0,-0.623426182
3	0,-0.516340112
9	0,0.350083546
17	0,-0.190755192
3	0,0.350083546
4	0,-0.353006813
13	0,0.350083546
7	0,-0.677510056
13	0,-0.407090687
8	1,1.756264263
9	0,0.295999672
9	1,0.133748051
18	0,0.890922283
14	1,-0.298922939
6	0,0.025580303
2	0,1.431761021
20	0,0.728670662
5	0,-0.304331327
4	0,-0.244839066
20	0,-0.353006813
18	0,-0.623426182
3	0,0.025580303
10	0,0.025580303
18	1,-0.244839066
8	0,2.513438496
16	0,-0.190755192
3	0,-0.516340112
7	0,-0.623426182
13	0,-0.206980354
7	0,-0.515258434
1	0,-0.298922939
4	0,-0.353006813
6	0,-0.353006813
17	0,-0.515258434
6	0,-1.056097172
4	0,-0.407090687
17	1,-0.623426182
12	0,0.350083546
2	0,-0.515258434
18	0,-0.082587444
18	0,0.241915798
2	0,-0.353006813
7	0,-0.731593929
18	0,-0.190755192
13	1,-0.190755192
7	0,0.025580303
10	0,0.133748051
8	0,1.431761021
7	1,0.025580303
12	0,0.025580303
18	0,0.674586788
17	0,-0.190755192
3	0,1.431761021
20	0,-0.515258434
16	0,-0.298922939
12	1,1.702180389
1	0,-0.623426182
11	0,0.025580303
18	0,0.458251293
5	0,-0.839761677
9	0,0.836838409
17	0,-0.190755192
13	0,-0.407090687
14	1,-0.244839066
3	1,0.241915798
14	1,-0.244839066
11	0,0.458251293
7	0,-0.515258434
15	0,0.350083546
4	1,-0.190755192
15	0,-0.190755192
17	0,-0.190755192
16	0,-0.190755192
14	0,-0.190755192
4	0,-0.569342308
12	0,0.350083546
7	0,-0.434132624
17	0,1.431761021
17	0,-0.407090687
8	0,1.107257778
9	0,-0.650468119
1	0,0.025580303
3	0,-0.006870021
20	0,-0.244839066
16	0,-0.584485793
2	0,-0.731593929
20	1,0.890922283
14	1,0.241915798
20	0,-0.623426182
3	0,-0.201571967
13	0,-0.298922939
11	0,0.025580303
6	0,-0.569342308
8	0,-0.190755192
6	0,-0.650468119
11	1,-0.407090687
9	0,-0.353006813
20	0,0.669178401
9	0,0.025580303
3	0,0.079664177
16	0,0.025580303
4	0,0.350083546
19	0,-0.190755192
20	0,0.885513896
16	0,0.025580303
17	0,-0.407090687
3	1,-0.028503571
17	0,-0.515258434
4	0,-0.353006813
17	0,-0.190755192
20	0,-0.839761677
4	1,0.079664177
10	0,-0.461174561
2	0,-0.515258434
10	0,-0.569342308
13	0,-0.623426182
11	0,0.025580303
7	0,-0.731593929
6	0,-0.623426182
11	0,0.025580303
16	0,0.079664177
10	0,-0.190755192
2	0,-0.623426182
11	0,-0.082587444
7	0,0.025580303
4	0,-0.353006813
4	0,-0.515258434
2	0,-0.731593929
16	0,-0.461174561
13	0,-0.407090687
11	0,0.025580303
6	0,0.350083546
5	0,-0.569342308
4	0,-0.515258434
1	0,-0.190755192
5	0,-0.596384245
18	0,-0.298922939
13	0,-0.298922939
13	0,-0.190755192
14	0,-0.298922939
12	1,0.728670662
11	0,-0.244839066
17	0,-0.190755192
2	0,-0.737002317
4	0,-0.353006813
20	0,0.350083546
7	0,-0.515258434
1	0,0.025580303
4	0,-0.569342308
5	0,-1.002013298
11	0,-1.164264919
13	0,-0.244839066
9	0,-0.136671318
17	0,-0.623426182
20	0,-0.190755192
9	1,0.782754536
2	0,-0.839761677
4	0,0.025580303
5	1,-0.407090687
13	1,-0.353006813
13	0,-0.569342308
7	0,0.025580303
9	0,-0.461174561
6	0,1.107257778
16	0,-0.623426182
18	0,0.566419041
16	0,1.431761021
13	1,-0.461174561
16	0,0.350083546
7	0,-0.731593929
18	0,-0.407090687
9	0,-0.412499074
3	0,0.553438911
8	0,1.972599758
18	0,-0.353006813
1	0,0.025580303
9	0,-0.515258434
17	0,-0.190755192
9	0,-0.737002317
10	0,-0.623426182
14	0,-0.407090687
15	1,1.107257778
7	0,-0.298922939
9	0,0.350083546
18	0,-0.190755192
15	0,0.350083546
7	0,-0.298922939
5	0,-0.866803614
9	0,-0.407090687
11	0,0.674586788
18	0,0.133748051
17	0,-0.731593929
16	0,-0.190755192
13	0,0.025580303
13	0,-0.569342308
12	0,0.890922283
1	0,0.350083546
11	0,-0.515258434
3	1,0.350083546
12	0,0.350083546
10	0,1.161341652
10	1,0.350083546
9	0,-0.785677803
2	0,-0.569342308
20	0,-0.353006813
7	0,-1.056097172
3	0,0.350083546
9	0,-0.596384245
1	0,-0.190755192
14	0,0.782754536
7	0,-0.623426182
14	0,-0.731593929
17	0,-0.325964876
2	0,-1.110181046
3	0,0.350083546
5	0,-0.731593929
9	1,0.890922283
20	0,-1.056097172
1	0,-0.461174561
2	0,-0.893845551
10	0,-0.623426182
13	1,0.350083546
10	0,-0.623426182
14	1,0.674586788
3	0,0.458251293
13	1,0.890922283
13	0,0.187831924
14	1,1.648096516
8	0,1.972599758
15	1,1.431761021
4	0,-0.515258434
18	0,0.350083546
13	0,-0.731593929
1	0,-0.190755192
20	0,-0.677510056
8	0,1.431761021
9	0,0.025580303
3	0,0.025580303
2	0,-0.839761677
8	0,1.431761021
18	0,0.674586788
19	0,-0.407090687
10	0,0.350083546
12	0,0.025580303
13	0,-0.947929424
13	0,-0.407090687
18	0,0.025580303
11	0,0.350083546
11	0,-0.298922939
18	0,-0.785677803
14	0,-0.190755192
7	0,-0.569342308
3	0,-0.412499074
16	0,-0.407090687
9	1,-0.623426182
13	0,-0.407090687
7	0,-0.407090687
3	0,-0.353006813
1	0,0.350083546
17	0,-0.731593929
1	0,-0.190755192
9	0,-0.412499074
19	0,0.079664177
8	0,1.431761021
12	0,-0.298922939
2	0,-1.002013298
18	0,0.133748051
18	1,0.025580303
18	0,-0.244839066
9	0,-0.244839066
5	0,-0.407090687
10	1,0.458251293
6	0,-0.407090687
7	0,-0.785677803
19	0,-0.407090687
20	0,-0.623426182
15	1,1.107257778
6	0,-0.569342308
1	0,0.890922283
14	0,0.890922283
13	0,-1.110181046
13	0,-0.515258434
16	0,-0.515258434
18	0,-0.353006813
17	0,-0.731593929
1	0,-0.298922939
17	0,-0.947929424
8	0,0.890922283
11	0,0.350083546
12	0,0.025580303
15	0,0.350083546
8	1,0.674586788
5	0,-0.731593929
1	0,-0.190755192
5	0,-0.515258434
10	0,0.350083546
14	0,0.674586788
15	0,-0.731593929
20	0,-0.785677803
20	0,0.890922283
8	1,0.458251293
13	1,-0.407090687
2	1,-0.731593929
11	1,0.025580303
4	1,0.241915798
11	0,0.025580303
8	0,1.702180389
18	0,-0.623426182
10	0,-0.217797129
14	0,-0.190755192
5	0,0.025580303
15	0,-0.731593929
8	0,0.890922283
3	1,0.187831924
9	1,0.890922283
7	0,-0.731593929
11	0,0.025580303
3	0,0.241915798
1	0,-0.515258434
6	0,0.350083546
11	0,-0.515258434
12	0,-0.407090687
2	0,0.350083546
10	0,-0.623426182
11	0,-0.731593929
8	1,0.350083546
18	0,0.025580303
8	0,0.999090031
7	0,-0.461174561
18	1,0.782754536
7	0,-0.623426182
11	0,0.890922283
2	0,-1.002013298
17	0,-0.515258434
9	1,-0.190755192
3	0,-0.196163579
2	0,-0.861395226
12	0,-0.190755192
18	0,-0.028503571
17	0,-0.623426182
17	0,-0.190755192
2	0,-0.947929424
7	0,0.025580303
3	0,0.890922283
5	0,0.350083546
10	0,-0.244839066
13	0,-0.298922939
9	0,-0.407090687
12	0,0.350083546
14	0,-0.461174561
8	0,1.756264263
3	0,0.025580303
3	0,0.025580303
13	0,0.350083546
15	0,1.431761021
10	1,0.187831924
2	0,-0.947929424
5	0,-0.785677803
2	0,-0.520666822
14	0,0.890922283
9	0,-0.515258434
5	0,-0.785677803
11	0,-0.190755192
8	1,0.890922283
11	1,-0.515258434
13	1,0.025580303
8	0,1.431761021
9	1,0.025580303
14	1,0.241915798
6	0,-0.569342308
1	0,-0.839761677
14	1,0.674586788
20	0,-0.623426182
10	0,1.431761021
2	0,-1.218348793
10	0,0.458251293
9	0,-0.190755192
18	0,-0.298922939
2	0,-0.461174561
18	0,0.133748051
15	0,-0.623426182
10	0,0.890922283
14	0,-0.353006813
10	0,0.350083546
8	0,1.215425526
7	0,0.025580303
16	0,0.890922283
9	0,0.350083546
3	1,0.890922283
11	0,0.350083546
16	0,-0.893845551
4	0,-0.407090687
4	0,-0.217797129
9	0,-0.407090687
11	0,-0.731593929
2	0,-0.677510056
8	0,-0.028503571
7	0,-0.407090687
7	0,-0.298922939
15	0,-0.298922939
4	1,-0.298922939
6	0,-0.515258434
5	0,-0.298922939
15	0,-0.731593929
9	1,-0.569342308
19	0,-0.190755192
7	0,-0.515258434
9	0,-0.407090687
16	0,-0.407090687
2	0,-1.218348793
16	0,-0.461174561
14	1,1.431761021
12	0,0.241915798
13	0,-0.623426182
15	0,0.350083546
12	0,-0.298922939
17	0,-0.623426182
16	0,-0.731593929
1	0,-0.082587444
1	1,0.890922283
5	0,-0.893845551
16	0,-0.353006813
4	0,-0.623426182
2	0,0.025580303
18	0,-0.731593929
16	0,-0.298922939
4	0,-0.623426182
15	0,-0.082587444
10	0,-0.298922939
13	1,-0.353006813
20	0,0.025580303
20	0,-0.412499074
11	0,-1.002013298
18	0,-0.190755192
13	0,-0.839761677
12	0,0.890922283
20	0,-0.298922939
13	0,-0.515258434
20	0,-0.407090687
8	0,1.972599758
14	0,-0.407090687
6	0,-0.190755192
13	0,-0.190755192
20	1,1.107257778
5	0,-0.677510056
9	1,0.890922283
2	0,-1.110181046
18	0,-0.190755192
4	0,-0.461174561
4	0,-0.353006813
14	1,-0.082587444
15	0,0.350083546
11	1,0.025580303
2	0,-0.461174561
3	0,-0.516340112
3	0,-0.353006813
3	0,0.350083546
11	0,-0.407090687
18	0,0.890922283
10	0,-1.083139109
13	0,-0.082587444
14	0,-0.623426182
1	0,-0.515258434
20	0,-0.190755192
13	0,-0.407090687
10	0,0.350083546
16	0,-0.353006813
11	0,-0.190755192
9	0,-0.190755192
7	0,-0.407090687
5	0,-0.893845551
13	1,0.350083546
5	0,-0.839761677
20	0,-0.461174561
12	0,-0.190755192
17	0,0.241915798
4	0,-0.623426182
2	0,-0.737002317
3	0,0.350083546
14	1,0.350083546
16	0,0.025580303
19	0,-0.190755192
5	0,-0.785677803
2	0,-0.839761677
4	0,-0.353006813
11	0,-0.407090687
16	0,-0.190755192
3	0,0.890922283
3	0,0.025580303
7	0,0.350083546
8	0,1.431761021
18	0,0.890922283
5	0,0.890922283
1	1,0.025580303
12	0,0.350083546
1	0,0.025580303
7	1,-0.298922939
5	0,-0.731593929
7	0,-0.623426182
3	0,0.241915798
17	0,-0.569342308
14	1,0.674586788
7	0,0.025580303
18	0,-0.407090687
18	0,0.890922283
19	0,-0.190755192
2	0,-0.244839066
14	0,0.025580303
1	0,-0.190755192
15	1,0.782754536
16	0,0.241915798
14	0,-0.407090687
8	0,2.513438496
5	0,-0.407090687
13	0,0.025580303
20	0,0.885513896
5	0,-0.412499074
16	0,-0.298922939
9	0,-0.407090687
9	0,-0.244839066
5	0,0.344675158
9	0,-0.839761677
19	0,-0.407090687
11	0,-0.190755192
11	0,0.025580303
4	1,0.890922283
18	0,-0.028503571
19	1,2.188935253
4	0,-0.839761677
1	0,0.025580303
1	0,0.025580303
5	0,-0.407090687
13	0,-0.407090687
11	0,-0.623426182
10	1,0.025580303
10	0,-0.569342308
14	1,0.674586788
18	0,-0.190755192
3	1,2.513438496
10	0,0.079664177
1	1,0.025580303
4	1,1.431761021
11	0,0.350083546
20	0,-0.839761677
3	1,0.241915798
14	1,1.215425526
16	0,0.458251293
5	0,0.890922283
1	0,0.350083546
10	1,0.674586788
20	0,-0.461174561
6	0,-0.623426182
8	0,1.215425526
14	0,-0.677510056
9	0,-0.785677803
17	0,-0.623426182
6	0,0.674586788
6	1,0.025580303
3	0,0.350083546
7	0,-0.407090687
1	1,-0.190755192
7	0,-0.731593929
5	0,-0.515258434
6	1,1.972599758
8	0,1.972599758
16	0,-0.190755192
5	0,-0.947929424
20	0,0.999090031
12	0,0.674586788
13	0,0.079664177
6	0,-0.731593929
15	1,1.107257778
1	0,-0.190755192
7	0,-0.677510056
3	1,0.674586788
3	0,-0.412499074
18	0,0.350083546
5	0,-0.028503571
4	0,0.025580303
20	0,-0.298922939
10	0,-0.520666822
16	0,-0.353006813
2	1,-0.461174561
1	0,-0.407090687
13	0,-0.407090687
19	0,0.079664177
4	1,0.620502914
1	0,-0.190755192
9	0,0.620502914
7	0,-1.164264919
5	0,0.241915798
6	0,-0.190755192
18	0,-0.407090687
17	0,-0.731593929
11	0,0.350083546
4	0,-1.056097172
7	1,-0.298922939
7	0,-0.623426182
12	0,0.458251293
20	0,-0.244839066
5	0,0.674586788
17	0,-0.731593929
4	0,-0.515258434
11	1,-0.190755192
17	0,-0.407090687
16	0,-0.136671318
9	1,-0.407090687
7	0,-0.407090687
12	0,-0.298922939
14	0,0.350083546
20	0,2.513438496
6	0,-0.569342308
9	0,0.241915798
5	1,0.025580303
15	0,0.350083546
12	0,0.890922283
17	0,-0.623426182
13	0,-0.298922939
16	0,-0.190755192
15	0,0.350083546
1	0,-0.298922939
10	0,0.025580303
5	0,0.025580303
3	0,-0.190755192
8	0,1.972599758
16	0,-0.628834569
18	0,-0.190755192
1	0,0.350083546
17	0,-0.190755192
10	0,-0.353006813
3	0,-0.190755192
9	0,-0.569342308
16	1,0.458251293
6	0,0.025580303
4	0,-0.893845551
3	0,0.553438911
18	0,0.025580303
1	0,-0.298922939
5	0,0.187831924
20	0,0.025580303
18	0,0.025580303
17	0,-0.839761677
2	0,-1.002013298
17	0,-0.569342308
6	0,-0.407090687
12	0,0.458251293
20	0,-0.731593929
4	0,-0.515258434
18	0,-0.190755192
2	0,-0.839761677
18	0,0.133748051
13	0,-0.893845551
17	0,0.025580303
13	0,-0.569342308
4	0,-0.298922939
2	1,-0.731593929
1	0,-0.515258434
6	0,0.187831924
5	0,-0.569342308
16	0,-0.731593929
14	0,-0.731593929
5	1,0.674586788
9	0,0.350083546
12	0,0.674586788
9	1,0.674586788
5	0,-0.947929424
3	0,-0.190755192
10	0,-0.461174561
14	0,-0.028503571
19	0,0.079664177
15	0,0.404167419
7	0,-0.190755192
12	0,0.350083546
11	0,-0.190755192
2	0,-0.677510056
20	0,0.025580303
9	0,-0.628834569
14	0,0.350083546
17	0,-0.244839066
19	0,-0.190755192
18	0,0.458251293
10	0,-0.298922939
8	0,0.890922283
6	0,1.972599758
11	0,0.025580303
4	1,-0.753227479
3	1,0.241915798
18	1,1.972599758
3	1,0.674586788
5	0,-0.515258434
12	0,0.025580303
10	0,-0.244839066
3	0,-0.353006813
11	1,0.025580303
1	0,-0.082587444
15	0,-0.190755192
3	1,0.079664177
20	0,-0.304331327
11	0,-0.190755192
14	1,1.215425526
1	0,1.107257778
7	0,0.025580303
3	0,-0.515258434
5	0,-0.839761677
20	0,-0.298922939
2	0,-0.731593929
13	0,0.674586788
6	0,0.350083546
6	0,0.350083546
17	0,-0.677510056
15	0,1.431761021
10	0,-0.515258434
10	0,-0.407090687
18	0,0.025580303
17	0,-0.623426182
14	1,1.431761021
14	0,-0.839761677
16	0,-0.244839066
2	0,-0.623426182
7	0,-0.298922939
20	0,0.133748051
18	0,-0.623426182
11	0,0.620502914
4	1,-0.190755192
18	0,0.241915798
13	0,-0.190755192
9	0,-0.947929424
7	1,-0.298922939
9	0,1.431761021
16	0,-0.298922939
3	0,0.350083546
16	0,0.025580303
16	0,-0.407090687
16	0,-0.190755192
11	0,-0.082587444
17	0,-0.407090687
13	0,0.025580303
8	0,1.431761021
7	0,-0.190755192
12	0,0.025580303
12	1,1.702180389
6	0,-0.515258434
8	0,1.863350333
7	0,-0.569342308
11	0,-0.947929424
11	0,-0.407090687
9	0,-0.082587444
10	0,-0.461174561
7	0,-0.190755192
5	0,-0.947929424
10	0,-0.304331327
11	0,-0.623426182
7	0,0.079664177
3	0,-0.190755192
8	0,0.674586788
18	0,-0.407090687
13	0,-0.298922939
14	0,0.350083546
11	0,0.350083546
6	1,0.025580303
1	0,0.025580303
7	0,-0.244839066
14	0,-0.407090687
12	0,0.728670662
2	0,-0.407090687
7	0,-0.731593929
2	0,-0.520666822
1	0,-1.110181046
1	0,0.025580303
13	0,-0.190755192
7	1,-0.240512356
1	0,-0.298922939
13	0,0.025580303
15	1,1.431761021
17	0,-0.407090687
17	0,-0.298922939
5	0,-0.623426182
14	0,-0.623426182
8	0,1.972599758
4	0,-0.298922939
20	0,0.458251293
2	0,-0.515258434
10	0,0.890922283
20	0,-0.190755192
10	0,-0.298922939
15	1,0.512335167
14	0,-0.407090687
15	0,-0.731593929
2	0,-1.110181046
17	0,-0.407090687
6	0,-0.190755192
6	0,0.025580303
2	0,-0.623426182
5	0,0.782754536
4	0,-0.839761677
14	0,-0.623426182
9	0,-0.407090687
16	0,-0.515258434
1	1,0.890922283
15	1,1.431761021
13	0,0.025580303
5	0,-0.623426182
5	0,-0.947929424
7	0,-0.731593929
2	0,-0.461174561
12	0,-0.190755192
10	0,0.350083546
14	1,0.566419041
6	0,-0.623426182
3	0,0.241915798
17	0,-1.002013298
9	0,-0.677510056
17	0,0.025580303
16	0,-0.731593929
15	1,1.107257778
4	0,-0.623426182
9	0,0.458251293
2	0,-0.515258434
18	0,-0.298922939
5	0,-0.893845551
4	0,-0.190755192
2	0,-0.785677803
18	0,1.750855876
19	0,-0.190755192
9	1,-0.353006813
2	0,-0.515258434
3	0,-0.353006813
3	0,-0.353006813
8	0,2.513438496
3	0,0.350083546
5	0,-0.623426182
12	0,0.890922283
3	0,-0.190755192
13	0,-0.461174561
2	0,-0.623426182
13	0,0.025580303
13	0,-0.893845551
1	0,0.404167419
1	0,-0.082587444
2	0,-0.515258434
13	0,0.025580303
4	0,0.350083546
11	0,-0.623426182
18	0,-0.839761677
17	0,-0.190755192
12	0,0.458251293
1	0,0.025580303
11	0,-0.407090687
1	1,1.756264263
6	0,0.350083546
5	0,-0.677510056
13	0,0.458251293
10	0,-0.298922939
15	0,0.350083546
8	0,0.620502914
14	1,0.350083546
17	0,0.133748051
7	0,-0.839761677
16	0,-0.408172364
11	0,0.133748051
13	0,-0.461174561
14	0,-0.196163579
6	0,-0.623426182
14	0,-0.298922939
16	0,0.890922283
18	0,0.674586788
11	0,-0.190755192
14	0,0.133748051
8	0,1.431761021
9	0,-0.353006813
2	0,-0.569342308
11	0,0.025580303
20	0,-0.569342308
10	0,-0.434132624
3	0,-0.190755192
13	0,-0.731593929
13	0,-0.731593929
9	0,-0.569342308
9	0,-0.298922939
3	0,0.350083546
13	0,0.025580303
8	0,2.513438496
1	0,-0.190755192
5	0,0.674586788
16	0,-0.407090687
17	0,-0.407090687
4	0,0.025580303
13	0,-0.623426182
8	0,0.350083546
8	0,1.431761021
8	0,2.188935253
7	0,-0.839761677
12	1,-0.190755192
3	0,-0.353006813
17	0,-0.488216498
17	0,-0.407090687
12	0,0.890922283
4	0,-0.542300371
17	1,-0.407090687
12	0,0.241915798
5	0,-1.164264919
20	0,-0.731593929
5	0,-1.002013298
10	0,0.079664177
14	0,-0.407090687
1	0,0.025580303
17	0,-0.542300371
13	0,0.025580303
16	0,-0.569342308
20	0,-0.677510056
2	0,-0.569342308
7	0,-0.785677803
17	0,-0.839761677
17	0,-0.298922939
16	0,0.350083546
14	0,0.025580303
1	0,0.890922283
2	0,-1.056097172
8	0,2.296021323
4	0,-0.298922939
6	0,0.350083546
13	0,-0.190755192
1	0,0.025580303
3	0,-0.244839066
2	0,-0.839761677
14	1,-0.190755192
12	0,0.241915798
7	0,-0.407090687
4	0,-0.542300371
13	0,-0.190755192
5	0,-0.839761677
3	0,0.350083546
18	0,-0.407090687
4	0,-0.515258434
11	0,-0.650468119
11	1,0.025580303
18	0,-0.190755192
17	1,-0.515258434
1	0,-0.731593929
4	0,-0.785677803
3	0,0.025580303
9	0,0.350083546
15	0,0.999090031
17	0,-0.461174561
11	0,-0.731593929
4	0,0.025580303
8	0,0.836838409
14	0,0.350083546
20	0,0.025580303
17	0,-0.623426182
2	0,0.350083546
14	1,-0.190755192
15	1,1.107257778
5	0,-0.947929424
13	0,-0.839761677
7	0,-0.240512356
6	0,-0.515258434
6	0,-0.623426182
14	0,-0.839761677
4	0,-0.353006813
18	0,0.025580303
16	0,0.350083546
11	0,0.133748051
18	0,0.674586788
20	0,2.513438496
10	0,0.241915798
19	0,-0.190755192
9	1,-0.461174561
11	0,-0.190755192
17	0,-0.731593929
10	0,-0.623426182
20	0,0.350083546
5	0,0.025580303
17	0,-0.569342308
11	0,-0.839761677
11	0,0.350083546
3	0,0.890922283
11	0,-0.298922939
7	1,-0.298922939
16	0,-0.407090687
10	0,-0.407090687
11	0,0.674586788
18	0,0.890922283
2	1,-0.731593929
11	0,-0.407090687
20	0,-0.353006813
16	0,-0.737002317
8	0,0.890922283
18	0,-0.515258434
4	0,-0.353006813
20	0,0.025580303
1	0,0.025580303
3	0,0.025580303
17	0,-0.190755192
9	0,-0.569342308
17	1,0.782754536
4	0,0.350083546
17	0,-0.866803614
18	0,0.350083546
3	0,-0.412499074
1	0,-0.731593929
7	0,-0.461174561
13	0,-0.569342308
2	0,-0.461174561
20	0,0.890922283
18	0,-0.190755192
18	0,-0.461174561
3	0,-0.190755192
4	0,-0.298922939
18	0,0.133748051
17	0,-0.737002317
2	0,-0.569342308
11	0,-0.353006813
17	0,-0.407090687
11	0,-0.190755192
1	0,0.025580303
8	0,0.890922283
8	0,0.890922283
2	0,-0.839761677
7	0,-0.298922939
10	0,-0.461174561
7	0,-0.515258434
10	0,-0.731593929
15	1,0.782754536
2	0,-0.731593929
11	1,1.431761021
7	0,-0.515258434
11	0,0.674586788
9	0,-0.731593929
20	0,0.025580303
12	0,0.025580303
3	0,0.241915798
3	0,-0.516340112
7	0,-0.623426182
5	0,-1.056097172
3	0,-0.353006813
6	0,0.890922283
9	0,1.107257778
10	0,0.350083546
15	0,0.350083546
8	0,0.890922283
13	0,0.025580303
16	0,-0.190755192
8	1,2.513438496
1	0,-0.839761677
4	0,-0.731593929
6	0,-0.677510056
11	0,-0.190755192
10	0,-0.412499074
9	0,-0.731593929
10	0,-0.190755192
18	0,-0.785677803
10	0,1.431761021
13	0,-0.407090687
5	0,0.890922283
14	0,-0.461174561
8	0,0.674586788
4	0,-0.731593929
1	0,0.025580303
9	0,-0.623426182
17	0,-0.353006813
18	0,-0.244839066
14	0,-0.353006813
9	1,0.458251293
14	0,0.350083546
4	0,-0.515258434
7	0,0.025580303
18	0,1.107257778
10	0,-0.190755192
16	0,0.025580303
17	0,-0.677510056
3	0,-0.461174561
17	0,0.241915798
8	0,0.890922283
18	1,0.782754536
6	0,0.079664177
15	1,0.566419041
10	0,-0.190755192
1	0,0.133748051
8	0,2.188935253
11	0,-0.407090687
8	1,2.513438496
13	0,-0.785677803
4	0,-0.461174561
11	1,1.431761021
16	0,-0.244839066
11	0,-0.947929424
16	0,0.836838409
20	0,-0.461174561
11	0,-0.731593929
3	0,0.674586788
5	0,-0.407090687
12	0,0.025580303
17	0,-0.407090687
3	0,0.350083546
5	0,-1.164264919
15	0,0.133748051
18	0,0.890922283
15	0,-0.731593929
7	0,-1.110181046
7	0,-0.623426182
13	0,-0.947929424
8	0,1.431761021
19	0,0.025580303
7	0,0.350083546
20	0,-0.298922939
4	0,-0.190755192
2	0,-0.677510056
16	0,-0.624507859
2	0,-0.731593929
20	0,-0.407090687
17	0,-0.785677803
4	0,-0.731593929
16	0,0.025580303
15	1,0.458251293
5	0,-0.839761677
4	0,-1.164264919
11	0,0.674586788
6	0,-0.947929424
10	0,-0.353006813
12	0,0.025580303
1	0,0.674586788
15	0,-0.190755192
16	0,-0.407090687
13	0,0.350083546
14	0,0.025580303
14	0,-0.190755192
4	0,0.025580303
7	0,-0.947929424
15	1,1.431761021
1	0,-0.298922939
4	0,-0.742410704
4	0,-0.461174561
16	0,-0.677510056
4	0,0.458251293
18	0,0.350083546
13	1,0.890922283
11	0,-0.461174561
20	0,0.890922283
10	0,1.431761021
1	0,0.025580303
3	0,0.025580303
16	0,-0.785677803
20	0,0.350083546
17	0,-0.407090687
16	0,-0.353006813
1	0,-0.298922939
14	0,-0.407090687
4	1,0.079664177
9	0,-0.515258434
18	0,-0.623426182
3	0,-0.190755192
18	0,-0.515258434
5	0,-0.412499074
9	0,-0.515258434
11	0,-0.461174561
10	1,0.079664177
18	0,0.350083546
2	0,0.350083546
17	0,-0.520666822
18	0,0.350083546
11	0,-0.461174561
2	0,-0.407090687
8	0,1.972599758
2	0,-0.244839066
11	0,-0.298922939
1	0,-0.298922939
2	0,-0.731593929
7	0,-0.515258434
2	0,-1.110181046
18	0,0.025580303
1	0,-0.190755192
3	0,0.241915798
20	0,0.512335167
10	0,0.241915798
15	0,0.890922283
7	0,-0.407090687
6	0,-0.407090687
8	0,2.513438496
11	0,1.323593273
11	0,-0.298922939
1	0,-0.569342308
3	0,0.350083546
15	1,0.458251293
6	0,0.674586788
2	0,-0.623426182
6	0,0.025580303
13	0,-0.623426182
2	0,-1.056097172
5	0,0.890922283
7	0,-0.240512356
12	0,0.241915798
5	1,0.025580303
5	0,1.431761021
5	0,-0.839761677
2	0,-0.839761677
10	1,1.431761021
9	0,-0.353006813
4	0,-0.515258434
19	0,-0.190755192
7	0,-0.839761677
12	0,0.241915798
20	0,0.350083546
7	0,0.025580303
9	0,-0.731593929
7	0,0.323041609
16	0,1.431761021
2	0,-0.947929424
15	0,0.350083546
19	1,0.890922283
18	0,0.133748051
14	0,-0.298922939
7	0,-0.947929424
20	0,1.318184886
6	0,-0.677510056
10	0,-0.569342308
16	0,1.972599758
4	0,-0.677510056
7	0,0.025580303
1	1,0.890922283
1	1,0.566419041
2	0,-1.218348793
10	0,0.241915798
3	1,0.187831924
4	0,-0.244839066
11	0,-0.298922939
16	0,-0.893845551
7	0,-0.731593929
18	0,-0.731593929
14	0,-0.190755192
5	0,-0.569342308
20	0,0.890922283
4	0,-0.839761677
6	0,-0.731593929
9	0,0.350083546
17	0,-0.407090687
4	0,0.025580303
15	0,2.188935253
16	0,-0.408172364
14	1,2.513438496
9	0,-0.515258434
18	0,0.350083546
10	0,-0.190755192
14	1,0.025580303
10	0,0.728670662
2	0,-0.947929424
9	0,-0.947929424
5	0,-0.947929424
11	1,0.025580303
20	0,-0.353006813
10	0,-0.569342308
9	0,-0.515258434
17	0,-0.190755192
7	0,-0.190755192
5	0,-0.190755192
9	0,-0.412499074
13	0,-0.623426182
4	0,-0.353006813
14	0,-1.056097172
3	0,0.025580303
18	0,-0.407090687
15	0,0.350083546
17	0,-0.515258434
16	0,0.025580303
11	0,0.025580303
10	0,-0.461174561
2	0,-0.623426182
7	0,-0.190755192
18	0,0.674586788
17	0,-0.731593929
16	0,-0.407090687
10	0,0.350083546
8	0,0.890922283
7	0,-0.244839066
14	1,0.241915798
14	1,0.674586788
8	0,0.890922283
16	0,-0.408172364
7	0,-0.785677803
2	0,-0.947929424
18	0,-0.298922939
7	0,-0.461174561
5	0,-0.839761677
7	0,-0.515258434
9	0,-0.515258434
6	0,0.350083546
20	0,-0.407090687
14	1,0.674586788
7	0,-0.461174561
3	1,0.723262274
5	0,-0.623426182
3	0,0.350083546
5	1,-0.623426182
14	0,-0.082587444
7	0,-0.623426182
3	1,1.756264263
13	1,-0.565015598
6	0,-0.623426182
18	0,0.674586788
9	0,0.025580303
16	0,-0.839761677
6	0,-0.623426182
10	0,-0.623426182
4	0,-0.190755192
13	0,-0.190755192
7	0,-0.623426182
13	0,0.350083546
8	0,2.513438496
20	0,-0.298922939
20	0,0.079664177
16	0,-0.407090687
4	0,-0.731593929
13	0,0.350083546
8	0,1.431761021
1	0,-0.407090687
20	0,-0.244839066
17	0,-0.623426182
13	0,-0.731593929
1	0,-0.298922939
19	0,-0.190755192
17	0,-0.407090687
3	0,0.350083546
14	1,0.674586788
20	1,0.350083546
20	1,0.674586788
13	0,-0.947929424
3	1,0.723262274
9	0,-0.731593929
6	0,-0.677510056
20	0,-0.569342308
1	0,-0.839761677
5	0,-0.893845551
10	0,-0.304331327
10	0,-0.353006813
14	1,-0.190755192
6	0,-0.190755192
16	0,-0.407090687
5	0,0.112114501
6	0,-1.056097172
17	0,-0.623426182
13	0,-0.407090687
7	0,-0.407090687
14	0,-0.542300371
4	0,-0.488216498
20	0,0.350083546
16	0,-0.407090687
18	0,-0.298922939
10	0,-0.731593929
1	0,0.025580303
17	0,-0.569342308
20	0,1.431761021
6	0,-0.677510056
4	0,0.350083546
20	0,-0.461174561
16	0,0.025580303
1	0,-0.190755192
11	0,-0.190755192
15	0,0.350083546
10	0,0.025580303
3	0,0.836838409
13	0,-0.190755192
1	0,-0.190755192
2	0,-0.731593929
1	0,-0.515258434
17	0,-0.731593929
10	0,0.566419041
17	0,-0.515258434
16	0,-0.515258434
18	0,0.025580303
17	0,-1.110181046
20	0,0.350083546
4	0,-0.893845551
3	0,-0.839761677
7	0,-0.623426182
4	0,-0.190755192
9	0,-0.839761677
6	0,-0.650468119
9	0,0.025580303
9	0,-0.461174561
10	0,-0.407090687
13	0,0.458251293
16	0,-0.623426182
17	0,-0.461174561
4	0,0.350083546
3	1,2.513438496
4	0,-0.353006813
18	0,-0.839761677
2	0,-0.731593929
1	0,0.025580303
11	0,1.431761021
5	0,-0.515258434
9	0,-0.569342308
1	0,-0.569342308
7	0,-0.461174561
10	0,-0.461174561
2	0,-0.947929424
13	0,-0.569342308
13	0,-0.190755192
2	1,-0.515258434
2	0,-0.298922939
20	1,-0.190755192
8	0,0.782754536
12	1,-0.190755192
20	0,0.674586788
18	0,0.350083546
3	0,0.674586788
14	0,-0.407090687
12	0,0.890922283
5	0,-0.839761677
13	0,-0.947929424
2	0,-0.839761677
10	0,-0.407090687
2	0,-0.839761677
18	1,-0.190755192
14	1,1.431761021
7	0,-0.623426182
14	1,0.674586788
10	0,-0.569342308
8	0,2.513438496
18	0,0.133748051
20	0,-0.461174561
10	0,-0.677510056
10	0,-0.515258434
14	1,0.674586788
17	0,-0.461174561
18	0,-0.190755192
4	0,-0.190755192
10	0,0.674586788
18	0,0.133748051
5	0,0.025580303
20	0,-0.190755192
9	0,-0.569342308
6	1,0.025580303
4	1,-0.190755192
20	0,0.890922283
13	0,-0.304331327
10	0,-0.461174561
20	0,0.079664177
17	0,-0.520666822
11	1,0.025580303
8	0,0.674586788
20	0,-0.515258434
6	0,0.350083546
17	0,-0.839761677
15	0,1.107257778
12	0,-0.190755192
5	0,-0.947929424
11	0,-0.623426182
11	0,-0.190755192
18	1,0.079664177
11	0,-0.190755192
2	0,-0.731593929
16	0,-0.839761677
6	0,-0.353006813
19	0,-0.190755192
14	0,-0.136671318
8	0,1.161341652
4	0,0.025580303
3	0,0.133748051
3	0,-0.006870021
5	0,-0.731593929
2	0,-0.623426182
7	1,-0.515258434
11	0,-0.731593929
4	0,-0.839761677
4	0,-0.298922939
20	0,-0.353006813
18	0,-0.515258434
17	0,-0.461174561
10	0,-0.298922939
16	0,-0.407090687
5	0,-0.515258434
3	0,0.350083546
9	0,-0.190755192
19	0,-0.190755192
20	0,-0.461174561
18	0,-0.623426182
18	0,0.350083546
1	1,0.512335167
4	0,-0.353006813
2	0,-0.731593929
17	0,-0.38004875
3	0,0.350083546
10	0,0.025580303
19	0,-0.190755192
2	0,-0.893845551
15	0,0.890922283
17	0,-0.408172364
19	0,-0.407090687
15	0,-0.082587444
20	0,-0.623426182
2	0,-0.569342308
4	0,-0.515258434
14	0,-0.893845551
16	0,0.241915798
13	0,-0.839761677
8	0,0.241915798
20	1,0.025580303
4	0,-0.353006813
3	0,-0.515258434
6	0,-0.515258434
17	0,-0.569342308
14	0,0.025580303
7	0,-0.731593929
12	0,0.025580303
1	0,-0.190755192
6	0,0.350083546
11	0,-0.082587444
20	0,0.025580303
8	0,2.296021323
6	0,-0.190755192
7	0,-0.407090687
11	0,0.133748051
18	0,-0.731593929
3	0,0.025580303
18	0,-0.731593929
6	0,-0.731593929
6	0,-0.731593929
13	1,-0.190755192
17	0,-0.515258434
1	0,-0.298922939
4	0,-0.515258434
9	0,-1.002013298
6	0,-0.407090687
17	0,-0.623426182
16	0,0.890922283
4	0,-0.353006813
18	0,0.133748051
8	0,0.674586788
5	0,0.350083546
10	0,-0.353006813
4	0,-0.569342308
18	0,0.458251293
11	0,0.674586788
14	0,-0.731593929
16	0,-0.353006813
3	0,-0.412499074
11	0,-0.407090687
7	0,-0.461174561
10	0,-0.353006813
8	0,0.674586788
13	0,-0.190755192
20	0,0.890922283
16	0,0.133748051
13	0,-0.623426182
6	0,-0.353006813
4	0,0.025580303
5	0,0.350083546
1	0,0.241915798
7	0,-0.461174561
4	0,-0.407090687
16	0,0.674586788
20	0,-0.190755192
1	0,0.404167419
9	0,0.025580303
7	0,0.025580303
2	1,-0.839761677
1	0,-0.298922939
2	0,-0.515258434
16	0,1.323593273
15	0,-0.190755192
1	0,-0.190755192
4	0,-0.785677803
20	0,-0.845170064
13	0,-0.190755192
9	0,-0.731593929
6	0,0.079664177
10	0,1.215425526
9	0,-0.731593929
18	0,-0.300004617
8	0,2.513438496
14	0,0.350083546
3	0,-0.190755192
6	0,-0.731593929
18	0,-0.461174561
3	0,0.241915798
4	0,-0.569342308
20	0,-0.304331327
6	0,-0.407090687
4	0,-0.412499074
2	0,-1.056097172
16	0,-0.515258434
10	0,0.350083546
6	0,-0.947929424
4	0,0.025580303
20	0,-0.300004617
13	0,0.025580303
9	0,0.241915798
16	0,-0.958746199
2	0,-0.731593929
5	1,-0.407090687
16	0,-0.244839066
10	0,-0.190755192
9	0,-0.861395226
3	0,0.350083546
18	0,0.890922283
13	0,-0.190755192
5	0,-1.218348793
18	0,-0.731593929
7	0,0.350083546
17	0,-0.731593929
2	1,-0.461174561
10	0,-0.353006813
7	0,-0.623426182
18	0,0.777346148
3	0,0.241915798
12	0,0.241915798
8	1,2.513438496
15	0,0.890922283
8	0,2.513438496
7	0,-0.731593929
2	0,-0.947929424
16	0,-0.407090687
10	0,0.350083546
4	0,-0.515258434
2	0,-0.407090687
13	0,-0.298922939
3	1,-0.028503571
12	0,0.458251293
4	0,-0.461174561
3	0,-0.244839066
18	0,-0.244839066
13	0,0.025580303
13	0,-0.109629381
5	0,1.431761021
9	0,-0.298922939
13	1,0.350083546
3	0,0.674586788
5	0,-0.190755192
18	0,-0.190755192
13	0,-0.407090687
14	0,-0.461174561
13	0,-0.190755192
11	0,-0.407090687
7	0,-0.515258434
9	0,-0.407090687
5	0,-0.569342308
5	0,-0.515258434
2	0,-0.731593929
11	0,-0.082587444
12	0,0.512335167
3	0,-0.217797129
14	1,0.350083546
16	0,-0.407090687
1	0,0.350083546
8	1,1.431761021
6	1,0.025580303
7	0,-0.731593929
17	0,-0.623426182
3	0,0.133748051
17	0,-0.623426182
1	0,-0.353006813
8	0,-0.407090687
20	0,2.513438496
3	1,0.782754536
13	0,0.350083546
13	0,-0.839761677
4	0,-0.298922939
1	0,-0.190755192
9	0,0.025580303
11	0,0.350083546
9	0,0.674586788
10	0,-0.407090687
17	0,-0.407090687
18	0,-0.190755192
20	0,-0.515258434
19	0,-0.190755192
7	0,0.025580303
7	0,-0.244839066
13	0,0.890922283
17	0,-0.298922939
11	0,0.025580303
17	0,-0.569342308
3	0,-0.515258434
16	0,0.241915798
4	0,-0.461174561
1	0,-0.569342308
11	0,-0.298922939
13	0,-0.515258434
1	1,0.674586788
17	1,-0.298922939
7	0,-0.623426182
9	1,2.513438496
3	0,0.350083546
8	0,1.972599758
14	0,-0.298922939
20	0,-0.300004617
9	1,0.350083546
5	0,0.350083546
17	0,-0.515258434
6	0,0.350083546
4	0,0.350083546
5	1,-0.407090687
5	0,0.025580303
2	0,-0.947929424
10	0,0.458251293
1	0,-0.569342308
13	0,-0.298922939
7	0,-0.515258434
19	1,0.890922283
3	0,-0.190755192
9	0,-0.623426182
6	0,1.107257778
17	0,-0.515258434
17	0,-0.461174561
10	0,-0.244839066
13	0,-0.082587444
1	1,-0.190755192
17	0,-0.461174561
10	0,-0.353006813
9	0,0.025580303
3	0,0.890922283
4	0,-0.515258434
7	0,-0.731593929
18	0,-0.298922939
11	0,0.025580303
4	1,-0.353006813
13	0,-0.353006813
20	0,1.972599758
2	0,-0.623426182
17	0,-0.569342308
13	0,-0.515258434
18	0,-0.190755192
2	1,-0.731593929
4	0,-0.623426182
14	1,-0.190755192
5	0,-0.569342308
4	0,0.350083546
1	1,1.215425526
13	0,0.674586788
4	0,-0.731593929
2	0,-0.737002317
16	0,-0.569342308
4	0,-0.109629381
7	0,-0.623426182
15	0,-0.731593929
7	0,-0.785677803
10	0,-0.190755192
1	0,0.350083546
18	1,0.350083546
10	0,1.107257778
7	0,-0.623426182
18	0,-0.300004617
12	0,0.025580303
11	0,-0.190755192
10	0,-0.190755192
9	0,0.350083546
6	0,0.350083546
11	0,0.025580303
11	1,0.025580303
8	0,1.539928768
9	0,0.241915798
12	0,-0.298922939
20	0,0.025580303
4	0,-0.677510056
14	0,1.431761021
18	0,0.133748051
16	0,-0.136671318
12	0,0.350083546
5	0,0.025580303
18	0,-0.298922939
1	0,-0.407090687
18	0,-0.353006813
18	1,0.890922283
6	0,-0.407090687
4	1,-0.190755192
13	0,-0.407090687
2	0,-0.839761677
11	0,-0.407090687
7	0,0.025580303
4	0,-0.623426182
15	1,1.431761021
1	0,-0.001461634
11	1,0.079664177
8	0,1.648096516
3	0,0.350083546
14	1,2.513438496
9	0,-0.731593929
18	0,0.350083546
13	0,-0.217797129
17	0,-0.190755192
11	0,0.350083546
14	1,0.674586788
4	0,-0.569342308
1	0,0.025580303
20	0,-0.407090687
11	0,0.025580303
3	0,0.890922283
3	0,-0.196163579
3	0,0.350083546
16	0,0.350083546
16	0,1.107257778
17	0,-0.298922939
9	1,0.025580303
7	0,-0.623426182
8	0,0.836838409
14	1,2.837941738
11	0,-1.056097172
1	1,0.890922283
1	0,0.241915798
16	0,-0.190755192
8	0,0.458251293
3	0,0.241915798
4	0,-0.190755192
5	0,-0.677510056
15	0,-0.298922939
7	0,-0.623426182
11	0,0.350083546
1	0,1.107257778
7	0,-0.298922939
1	0,-0.407090687
11	0,-0.190755192
16	0,0.350083546
1	0,-0.190755192
17	0,-0.569342308
18	0,-0.353006813
4	1,0.350083546
14	0,-0.893845551
1	0,-0.731593929
6	0,-0.677510056
12	1,0.728670662
16	0,-0.407090687
1	0,-0.190755192
20	0,1.431761021
5	0,0.025580303
13	0,-0.785677803
13	0,-0.731593929
1	1,0.890922283
18	0,-0.298922939
5	1,0.674586788
14	1,-0.190755192
5	0,2.621606243
8	1,1.431761021
8	0,0.890922283
8	1,2.513438496
2	0,-0.785677803
1	0,-0.298922939
6	0,-0.623426182
16	0,0.133748051
10	0,-0.250247453
11	0,-0.623426182
16	0,-0.298922939
13	0,-0.407090687
9	1,0.674586788
11	0,0.025580303
4	0,-0.353006813
18	0,0.350083546
13	0,-0.731593929
1	0,-0.190755192
8	1,0.566419041
16	0,-0.353006813
17	0,-0.569342308
16	0,-0.461174561
18	1,0.674586788
7	0,0.079664177
9	1,0.133748051
13	0,-0.947929424
18	0,-0.623426182
1	0,0.025580303
6	0,-0.677510056
5	0,-0.515258434
5	0,-0.623426182
9	0,-0.136671318
7	0,0.025580303
18	1,0.241915798
9	0,-0.407090687
15	0,-0.839761677
10	0,-0.190755192
18	0,0.674586788
8	0,1.431761021
18	0,0.187831924
5	0,-0.839761677
2	0,-0.569342308
1	0,0.404167419
5	1,0.025580303
1	0,-0.298922939
13	0,-0.569342308
3	0,-0.569342308
7	0,-0.298922939
19	0,-0.461174561
9	1,0.674586788
6	0,-0.731593929
14	0,-0.407090687
2	1,-0.677510056
7	0,-0.407090687
20	0,0.025580303
18	0,-0.461174561
8	0,0.890922283
1	1,0.350083546
5	0,-0.304331327
7	0,-0.407090687
6	0,0.674586788
15	0,-0.190755192
9	0,-0.569342308
10	0,-0.244839066
7	0,-0.839761677
18	0,-0.623426182
6	1,1.431761021
4	0,-0.353006813
18	1,0.350083546
11	0,1.431761021
18	0,0.241915798
1	1,1.215425526
11	0,-0.623426182
4	0,-0.515258434
11	0,-0.407090687
20	0,0.999090031
9	0,-0.407090687
17	0,-0.407090687
15	1,0.350083546
8	1,1.431761021
17	0,-0.407090687
14	1,-0.407090687
3	0,-0.196163579
9	0,-0.515258434
6	1,0.025580303
17	0,-0.569342308
15	0,-0.298922939
9	0,-0.731593929
4	0,-1.191306856
14	0,-0.893845551
3	0,-0.196163579
12	0,0.241915798
16	0,-0.407090687
17	0,0.025580303
14	0,0.350083546
7	0,-0.623426182
13	0,1.972599758
10	1,0.674586788
10	0,-0.623426182
1	0,-0.082587444
13	0,-0.190755192
3	0,0.553438911
17	0,-0.298922939
2	0,-0.515258434
2	0,-0.569342308
13	1,-0.515258434
16	0,0.025580303
20	0,-0.353006813
14	0,-0.190755192
8	0,1.107257778
7	0,-0.407090687
4	0,0.025580303
18	1,0.350083546
20	0,-0.677510056
4	0,0.350083546
15	0,1.431761021
4	0,-0.623426182
2	0,-0.623426182
7	0,-0.515258434
20	0,-0.190755192
3	0,1.431761021
1	0,0.025580303
5	0,-0.839761677
15	0,0.350083546
20	0,-0.731593929
5	0,-0.758635866
5	0,-0.893845551
2	0,-0.947929424
18	0,-0.461174561
17	0,-0.407090687
2	0,-0.839761677
20	0,-0.353006813
9	0,-0.839761677
4	0,-0.515258434
16	0,-0.407090687
4	0,-0.461174561
14	0,-0.623426182
6	0,-0.353006813
7	0,-0.623426182
4	0,-0.569342308
7	0,-0.947929424
2	1,0.025580303
5	0,-0.407090687
7	0,-0.407090687
16	0,-0.542300371
13	0,-0.190755192
11	0,-0.623426182
9	0,-0.785677803
20	0,-0.082587444
1	0,0.025580303
7	0,-0.515258434
16	0,-0.731593929
8	0,1.756264263
18	1,-0.190755192
13	0,-1.164264919
16	0,-0.569342308
8	0,2.513438496
19	0,1.756264263
12	0,0.728670662
14	0,0.025580303
11	0,-0.082587444
6	0,-0.623426182
12	0,0.350083546
13	0,0.025580303
17	0,-0.623426182
9	0,0.133748051
1	0,-0.407090687
4	0,-0.515258434
11	0,-0.623426182
10	0,-0.569342308
6	0,-0.677510056
18	0,-0.217797129
14	0,-0.190755192
16	0,-0.677510056
10	0,-0.731593929
4	0,-0.515258434
8	0,2.188935253
4	0,-0.353006813
13	0,-0.244839066
5	0,-0.947929424
8	0,1.431761021
2	0,0.350083546
11	0,-0.244839066
8	0,0.350083546
2	0,-0.520666822
9	0,-0.515258434
12	0,0.350083546
11	0,0.241915798
2	0,-0.623426182
7	0,-0.569342308
8	0,1.431761021
12	0,-0.731593929
14	0,-0.407090687
1	0,-0.515258434
17	0,-0.623426182
7	0,-0.569342308
16	0,0.025580303
16	1,1.431761021
7	0,-0.298922939
5	0,-1.002013298
8	0,1.431761021
18	0,-0.515258434
6	0,-0.407090687
2	0,-0.623426182
18	0,0.025580303
16	0,-0.569342308
3	0,-0.407090687
15	0,-0.190755192
3	0,0.674586788
15	0,-0.190755192
2	0,-1.110181046
17	0,-0.407090687
6	0,-0.569342308
13	0,-0.731593929
10	0,0.350083546
1	0,-0.298922939
7	0,0.350083546
9	0,-0.190755192
20	0,-0.298922939
13	0,-0.623426182
20	0,-0.353006813
8	0,1.431761021
10	0,-0.569342308
20	0,-0.190755192
4	0,-0.298922939
15	1,1.972599758
3	0,0.674586788
20	0,-0.190755192
12	0,0.350083546
4	0,-0.623426182
10	0,-0.461174561
20	0,-0.298922939
10	0,0.025580303
5	0,-0.785677803
2	0,-1.002013298
18	0,0.350083546
14	0,-0.298922939
8	0,0.079664177
10	0,-0.407090687
3	0,-0.201571967
3	0,0.241915798
20	0,0.025580303
14	0,-1.191306856
2	1,-0.839761677
18	0,0.241915798
6	0,1.107257778
9	1,0.079664177
13	0,-0.731593929
10	0,0.025580303
8	0,2.188935253
8	0,2.513438496
13	0,-0.839761677
14	1,0.674586788
16	0,-0.353006813
3	0,0.241915798
7	0,-0.407090687
9	1,-0.461174561
9	0,-0.412499074
5	0,-0.407090687
8	0,2.513438496
10	0,-0.677510056
12	0,0.025580303
12	0,0.890922283
5	0,-0.515258434
12	0,0.512335167
20	0,0.350083546
9	0,-0.731593929
7	0,-0.839761677
10	1,1.972599758
6	0,0.025580303
2	0,-0.785677803
2	0,-0.407090687
17	0,-0.190755192
13	1,0.350083546
3	0,0.350083546
11	0,0.025580303
8	0,0.350083546
2	0,-0.515258434
20	0,-0.298922939
5	0,-0.947929424
7	0,0.350083546
5	0,-0.947929424
16	0,0.187831924
17	0,-0.731593929
14	0,-0.407090687
14	1,0.025580303
2	0,-1.002013298
20	0,1.431761021
15	0,0.890922283
3	0,-0.412499074
7	0,-0.325964876
1	0,-0.190755192
5	0,-0.515258434
11	0,-0.623426182
9	0,-0.515258434
6	0,-0.407090687
4	0,-0.731593929
4	0,-0.353006813
20	0,-0.087995832
17	0,-0.623426182
9	0,0.890922283
20	0,-0.407090687
15	1,0.566419041
10	0,1.431761021
12	0,0.728670662
14	0,-0.353006813
18	0,-0.298922939
5	0,-0.947929424
13	0,-0.190755192
20	0,-0.407090687
5	0,-0.866803614
20	0,-0.304331327
17	0,-0.407090687
16	0,-0.623426182
15	0,-0.623426182
2	0,-0.731593929
11	0,-0.731593929
4	0,-0.623426182
18	0,0.241915798
6	0,-0.623426182
16	0,-0.407090687
16	0,-0.731593929
10	0,-0.407090687
16	0,-0.407090687
11	0,-0.623426182
3	0,-0.353006813
17	0,-0.461174561
15	0,-0.190755192
13	0,-0.407090687
18	0,0.133748051
1	0,-0.515258434
9	0,0.025580303
4	0,-0.407090687
5	1,0.350083546
19	0,-0.407090687
10	0,-0.623426182
14	0,0.025580303
20	0,0.025580303
8	1,0.890922283
4	0,-0.785677803
9	0,-0.839761677
11	0,-0.407090687
14	0,-0.407090687
8	0,1.431761021
4	1,0.350083546
2	1,-0.866803614
1	0,0.350083546
6	0,0.133748051
2	0,-0.947929424
17	0,-0.731593929
5	0,0.350083546
20	0,2.513438496
19	0,2.513438496
13	0,-0.298922939
6	0,-0.650468119
16	0,-0.515258434
10	0,-0.461174561
8	0,1.215425526
13	0,-0.731593929
10	0,-0.461174561
11	0,-0.190755192
6	0,-0.190755192
2	0,-1.002013298
10	0,-0.196163579
2	0,-1.056097172
2	0,-0.731593929
11	0,0.890922283
15	0,0.890922283
18	0,0.890922283
17	0,-0.298922939
8	0,0.566419041
17	0,-0.190755192
1	0,-0.190755192
3	0,0.241915798
13	0,-0.190755192
10	0,-0.304331327
6	0,-0.677510056
20	0,-0.244839066
2	0,-1.083139109
14	1,-0.407090687
6	0,-0.650468119
13	0,-0.623426182
7	0,-0.569342308
14	0,-0.353006813
3	0,0.025580303
9	1,-0.407090687
7	0,-0.515258434
17	0,-0.569342308
18	0,0.025580303
15	0,-0.731593929
6	0,-0.569342308
20	0,0.890922283
15	1,-0.407090687
3	0,-0.516340112
14	0,-0.407090687
7	0,-0.623426182
1	0,-0.407090687
17	0,-0.298922939
14	1,1.431761021
13	0,-0.407090687
3	1,0.350083546
13	0,0.350083546
3	0,0.025580303
14	0,-0.353006813
17	0,-0.407090687
20	0,-0.407090687
9	0,-0.298922939
3	0,-0.190755192
4	0,-0.353006813
6	0,0.350083546
16	0,0.674586788
5	0,-0.190755192
3	0,-0.190755192
9	0,-0.731593929
8	0,0.674586788
20	0,0.133748051
14	0,-0.407090687
4	0,-0.244839066
5	0,-0.461174561
17	0,-0.244839066
14	1,-0.244839066
10	0,0.674586788
10	0,0.106706114
20	0,-0.353006813
13	0,-0.623426182
17	0,-0.353006813
12	0,0.890922283
3	0,0.553438911
17	0,-0.407090687
2	0,-1.083139109
18	0,0.241915798
11	0,-0.623426182
16	0,-0.298922939
9	0,-1.056097172
2	1,0.025580303
16	0,-0.190755192
3	0,0.241915798
16	0,-0.082587444
13	0,-0.407090687
9	0,-0.677510056
16	0,0.350083546
1	0,-0.190755192
15	0,0.890922283
15	0,-0.082587444
18	0,0.344675158
16	1,0.512335167
1	0,-0.298922939
14	0,-0.461174561
5	0,0.728670662
8	0,1.972599758
17	1,-0.623426182
14	0,-0.190755192
11	0,-0.515258434
17	0,0.025580303
3	0,0.890922283
17	0,-0.947929424
14	0,-0.196163579
8	0,0.890922283
11	0,0.025580303
5	0,-0.623426182
16	0,-0.839761677
14	0,-0.190755192
9	0,-0.244839066
3	0,0.025580303
10	0,0.890922283
9	0,-0.461174561
2	0,-0.515258434
8	1,1.972599758
11	0,1.756264263
11	0,0.025580303
8	0,1.431761021
13	0,-0.623426182
3	0,0.350083546
17	0,-0.569342308
11	0,-0.190755192
8	0,0.999090031
18	0,0.890922283
7	0,-0.244839066
18	0,0.133748051
14	0,-0.515258434
2	1,-0.461174561
2	0,-0.731593929
11	0,-0.298922939
18	0,0.025580303
16	0,-0.624507859
14	0,-0.407090687
20	0,-0.190755192
1	0,0.133748051
2	1,0.025580303
20	0,-0.190755192
11	1,-0.515258434
16	0,-0.190755192
18	1,-0.190755192
11	0,-0.407090687
14	0,1.431761021
16	0,-0.623426182
16	0,-0.623426182
13	0,-0.731593929
3	0,-0.006870021
12	0,0.890922283
5	0,-0.677510056
18	0,-0.244839066
20	0,-0.461174561
16	0,-0.623426182
3	0,0.350083546
17	0,-0.190755192
6	0,-0.731593929
8	1,1.864432011
1	0,-0.082587444
14	0,0.025580303
17	0,-0.731593929
7	1,-0.082587444
15	1,1.431761021
5	0,-0.947929424
6	0,-0.947929424
10	0,0.890922283
10	0,0.025580303
6	0,-0.650468119
5	0,-0.947929424
10	0,-0.298922939
17	0,-0.407090687
17	0,-0.866803614
5	0,-0.81271974
6	0,-0.190755192
20	0,-0.407090687
15	0,-0.082587444
3	0,0.106706114
17	0,-0.298922939
5	0,-0.190755192
10	0,-0.461174561
4	0,-0.515258434
4	0,-0.866803614
20	0,-0.731593929
1	1,0.674586788
20	0,-0.569342308
3	0,-0.569342308
7	0,-0.569342308
14	0,-0.407090687
17	0,-0.515258434
14	0,-0.353006813
4	0,-0.190755192
9	0,-0.407090687
1	0,-0.407090687
2	0,0.458251293
2	0,-0.947929424
9	1,0.350083546
16	1,0.674586788
17	0,-0.866803614
2	0,-0.785677803
6	0,-0.569342308
17	0,-0.569342308
13	0,0.458251293
10	0,-0.515258434
8	0,0.674586788
4	1,0.350083546
8	0,1.431761021
1	0,-0.353006813
7	0,-0.731593929
2	1,-0.731593929
14	1,0.241915798
3	0,0.241915798
17	0,-0.190755192
13	1,0.350083546
2	0,-0.515258434
20	1,0.404167419
13	1,0.025580303
5	0,-0.785677803
20	0,-0.190755192
10	0,0.350083546
6	0,-0.731593929
14	0,-0.570423986
5	0,1.431761021
14	0,-0.190755192
8	0,1.431761021
10	0,-0.677510056
3	1,0.350083546
1	0,-0.407090687
15	0,-0.785677803
7	0,-0.515258434
8	1,-0.190755192
9	0,0.079664177
20	0,0.025580303
2	0,0.458251293
6	0,-0.569342308
17	0,-0.353006813
7	0,-0.623426182
2	0,-0.785677803
8	0,1.161341652
2	0,-0.520666822
5	1,0.025580303
4	0,-0.623426182
7	0,-1.110181046
2	1,-0.731593929
4	0,-0.244839066
17	0,-0.623426182
14	1,-0.353006813
6	0,-0.731593929
1	0,0.025580303
16	0,-0.785677803
20	0,-0.244839066
18	1,-0.244839066
16	0,-0.190755192
10	0,-0.190755192
4	0,-0.244839066
9	0,-0.407090687
13	0,0.025580303
2	0,-0.520666822
11	0,-0.190755192
7	0,-0.407090687
8	0,1.972599758
14	1,0.350083546
5	0,-0.569342308
20	0,-0.461174561
4	0,-0.623426182
18	0,0.890922283
16	0,-0.190755192
5	0,-0.623426182
8	0,1.161341652
18	0,-0.244839066
10	0,0.241915798
11	0,-0.407090687
9	0,-0.515258434
20	1,0.404167419
10	0,0.350083546
16	0,0.350083546
1	0,-0.298922939
4	0,-0.461174561
4	0,-0.569342308
14	0,-0.407090687
1	0,0.350083546
16	0,-0.136671318
18	0,0.562092331
2	0,-0.785677803
11	1,1.431761021
18	0,0.350083546
2	1,-0.190755192
4	0,-0.731593929
11	0,0.025580303
12	0,-0.407090687
7	0,-1.110181046
17	0,-0.569342308
3	0,-0.190755192
5	0,-1.056097172
2	0,-1.056097172
5	0,-0.461174561
17	0,-0.190755192
3	0,-0.244839066
3	0,0.890922283
13	0,-0.190755192
5	0,-0.731593929
10	0,-0.704551993
13	0,0.350083546
2	0,-0.623426182
11	0,-0.623426182
11	0,0.025580303
13	0,-0.515258434
2	0,-0.731593929
13	0,-0.949011102
11	0,0.025580303
2	0,-0.461174561
2	0,-0.731593929
1	0,-0.190755192
13	1,-0.190755192
2	0,-0.839761677
16	0,-0.244839066
10	0,-0.244839066
5	0,-1.110181046
2	0,-0.461174561
16	0,-0.190755192
18	0,0.350083546
17	0,-0.515258434
14	1,0.350083546
13	0,-0.520666822
8	0,1.972599758
11	0,0.458251293
13	0,-0.893845551
4	0,-0.353006813
12	1,1.702180389
15	0,-0.190755192
13	0,-0.407090687
6	0,1.431761021
18	1,0.350083546
10	0,0.350083546
10	0,-0.407090687
19	0,0.350083546
9	0,-0.082587444
20	0,0.025580303
8	0,1.323593273
7	0,0.079664177
5	0,-0.731593929
15	0,0.350083546
1	0,-0.407090687
15	0,2.188935253
1	0,0.404167419
15	0,0.350083546
6	0,-0.623426182
18	0,-0.190755192
14	0,0.025580303
14	0,1.431761021
19	0,1.972599758
18	0,-0.623426182
5	0,-1.110181046
12	0,0.350083546
8	1,1.539928768
16	0,-0.190755192
20	0,0.350083546
13	0,-0.407090687
7	0,-1.056097172
2	0,-0.731593929
15	0,0.350083546
7	0,-0.839761677
10	0,0.350083546
13	0,1.107257778
13	0,-0.190755192
11	0,-0.731593929
8	0,-0.623426182
17	0,-0.353006813
7	0,-0.407090687
2	0,-0.136671318
5	0,-0.731593929
9	0,-0.520666822
3	0,-0.244839066
13	1,-0.407090687
20	0,2.513438496
20	0,0.620502914
12	0,0.350083546
7	0,0.025580303
7	0,-0.461174561
16	0,-0.731593929
12	0,0.025580303
16	0,1.431761021
10	0,0.025580303
5	0,-0.407090687
9	0,-0.731593929
11	0,-0.515258434
9	0,-0.461174561
10	0,-0.082587444
2	0,-0.731593929
4	0,1.431761021
9	1,-0.731593929
5	0,-0.839761677
11	0,0.674586788
14	0,-0.353006813
1	0,-0.353006813
5	0,-0.947929424
9	0,-0.244839066
8	0,1.431761021
7	0,-1.164264919
20	0,-0.461174561
10	0,0.674586788
17	0,-0.731593929
13	0,-0.298922939
2	0,-0.731593929
13	0,0.728670662
10	0,-0.190755192
20	0,0.890922283
3	0,0.025580303
9	1,0.350083546
7	0,-0.298922939
20	0,-0.515258434
2	0,-0.839761677
3	0,-0.353006813
13	1,-0.190755192
18	1,1.431761021
10	1,0.025580303
9	0,0.025580303
1	0,-0.353006813
5	1,-0.569342308
13	0,-0.407090687
14	0,-0.731593929
20	0,-0.569342308
10	0,-0.515258434
3	0,-0.353006813
5	0,-0.731593929
1	0,-0.839761677
20	0,0.025580303
13	0,-0.407090687
3	0,-0.516340112
4	0,-0.353006813
14	0,0.350083546
19	0,0.350083546
1	1,0.350083546
17	0,-0.515258434
1	0,-0.298922939
16	0,-0.569342308
11	0,-0.298922939
7	0,-0.515258434
18	0,0.890922283
11	0,-0.190755192
16	0,-0.190755192
19	0,0.079664177
3	0,0.350083546
9	0,-0.623426182
10	0,-0.515258434
4	0,0.025580303
14	1,0.025580303
5	0,-1.002013298
17	0,-0.623426182
8	0,2.513438496
17	0,-0.893845551
8	0,1.431761021
18	0,-0.731593929
11	1,0.025580303
9	0,-0.785677803
20	0,-0.731593929
7	0,-0.839761677
13	1,-0.353006813
20	0,-0.785677803
17	0,-0.628834569
2	0,-0.569342308
20	0,-0.244839066
17	0,-0.163713255
4	0,-0.624507859
8	0,1.431761021
3	0,-0.196163579
16	0,-0.407090687
14	1,-0.190755192
5	0,0.350083546
17	0,-0.407090687
17	0,0.350083546
6	0,0.674586788
8	0,1.431761021
8	0,2.513438496
7	0,-0.407090687
2	0,-0.731593929
9	0,-0.731593929
11	0,-0.731593929
9	0,-0.461174561
1	0,-0.298922939
15	0,-0.082587444
16	0,0.025580303
14	0,0.674586788
14	0,-0.407090687
8	0,0.890922283
17	0,-0.623426182
20	0,0.890922283
10	0,-0.244839066
20	0,-0.298922939
15	1,0.350083546
5	0,-0.407090687
6	0,-0.623426182
7	0,-0.839761677
17	0,-0.353006813
14	1,2.837941738
5	0,0.344675158
5	1,-0.407090687
11	0,-0.515258434
11	0,0.241915798
10	0,-0.353006813
7	0,0.133748051
9	0,-0.677510056
8	0,1.107257778
10	1,0.079664177
2	0,-0.569342308
16	0,-0.731593929
3	0,-0.298922939
5	1,0.890922283
3	0,0.350083546
12	0,0.890922283
14	0,0.025580303
16	0,0.350083546
13	0,-0.244839066
18	0,0.890922283
2	0,-0.785677803
18	0,0.350083546
10	0,0.025580303
9	1,0.674586788
8	1,1.972599758
18	0,-0.731593929
17	0,-1.002013298
11	0,-0.623426182
7	0,-0.947929424
5	0,-0.244839066
14	0,-0.515258434
5	0,-0.407090687
3	1,-0.028503571
9	1,0.674586788
15	0,0.890922283
5	0,-1.110181046
14	0,-0.190755192
7	0,-0.298922939
13	0,-0.244839066
8	0,0.674586788
16	1,0.404167419
9	0,-0.731593929
20	0,0.025580303
11	0,-0.190755192
12	0,-0.407090687
9	0,-1.061505559
2	0,-0.731593929
2	0,-0.920887488
2	1,0.350083546
2	0,-0.407090687
5	0,-0.947929424
10	0,1.107257778
17	0,-0.190755192
9	0,-0.412499074
7	0,-1.175081694
6	0,-0.569342308
11	1,0.350083546
1	0,-0.515258434
17	0,-0.190755192
4	0,-0.839761677
11	0,-0.407090687
7	0,-0.298922939
8	1,0.566419041
3	0,0.079664177
16	0,0.674586788
1	0,0.404167419
9	0,1.431761021
14	0,-0.515258434
18	0,-0.190755192
14	1,0.890922283
12	0,0.890922283
11	0,-0.190755192
16	0,-0.623426182
2	0,-0.515258434
8	0,0.890922283
11	0,-0.520666822
17	0,-0.353006813
2	0,-0.947929424
13	0,-0.949011102
20	0,0.241915798
3	0,-0.244839066
14	1,1.431761021
10	0,-0.353006813
1	0,-0.190755192
16	0,-0.731593929
10	0,0.999090031
4	0,-0.298922939
4	0,-0.866803614
13	0,-0.515258434
9	0,-0.731593929
16	0,-0.136671318
16	0,0.025580303
8	0,1.431761021
11	0,0.025580303
16	0,-0.785677803
15	0,-0.839761677
20	0,-0.298922939
7	0,-0.298922939
14	1,0.566419041
6	0,-0.298922939
5	0,-0.244839066
2	0,-0.947929424
7	0,-0.623426182
14	1,0.674586788
9	0,-0.515258434
14	0,-0.298922939
1	0,0.350083546
11	0,-0.407090687
10	0,-0.623426182
11	0,-0.623426182
10	0,-0.569342308
5	0,-0.731593929
13	0,-0.190755192
4	0,-0.623426182
7	0,-0.839761677
17	0,-0.731593929
17	0,-0.785677803
5	0,2.513438496
19	0,-0.407090687
10	0,-0.190755192
17	0,-0.190755192
13	0,0.025580303
9	0,-0.569342308
16	0,-0.623426182
16	1,0.404167419
8	1,0.999090031
9	0,0.079664177
4	0,1.107257778
1	0,-0.298922939
16	0,-0.407090687
5	0,-0.407090687
5	1,0.350083546
3	0,1.431761021
2	0,-0.520666822
1	0,0.404167419
14	0,-0.515258434
11	0,-0.298922939
10	0,0.674586788
12	0,0.025580303
16	0,0.133748051
8	0,2.513438496
14	0,-0.515258434
8	1,0.890922283
1	0,0.025580303
4	0,0.025580303
14	1,-0.353006813
2	0,-0.569342308
3	0,-0.515258434
8	0,0.349001868
18	0,-0.623426182
3	0,-0.244839066
2	0,-0.731593929
3	1,0.241915798
9	0,-0.515258434
1	0,0.350083546
5	0,-0.947929424
20	0,-0.407090687
5	0,0.133748051
16	1,-0.731593929
5	0,-0.190755192
18	0,-0.190755192
20	0,0.674586788
7	0,-0.407090687
20	0,0.350083546
4	0,-0.731593929
9	1,-0.623426182
4	0,-0.893845551
12	0,0.025580303
3	0,-0.190755192
15	0,0.890922283
18	0,-0.623426182
3	0,0.674586788
1	0,-0.515258434
14	1,0.350083546
8	0,0.458251293
16	0,0.025580303
13	0,1.107257778
10	0,-0.569342308
20	0,0.350083546
20	0,-0.731593929
13	0,-0.569342308
20	0,1.426352633
9	0,-0.461174561
14	0,-0.190755192
17	0,-0.515258434
4	0,-0.461174561
10	0,-0.298922939
20	0,-0.298922939
8	0,1.107257778
11	0,-0.785677803
18	1,-0.190755192
4	0,0.350083546
1	0,0.025580303
8	0,1.431761021
11	0,-0.623426182
17	0,-0.569342308
7	0,-0.515258434
7	0,-0.785677803
16	0,-0.623426182
4	1,0.890922283
8	0,1.972599758
9	0,-0.407090687
3	0,0.890922283
5	0,0.350083546
6	0,-0.353006813
2	0,-0.569342308
13	0,-0.082587444
8	0,1.972599758
16	1,-0.461174561
16	0,0.350083546
16	0,-0.190755192
9	0,-0.244839066
5	0,-0.515258434
20	0,-0.190755192
12	1,0.728670662
1	0,0.025580303
2	0,-0.298922939
3	0,0.890922283
6	0,0.350083546
20	1,-0.407090687
9	0,-0.407090687
7	0,-0.785677803
6	0,1.107257778
4	0,-0.731593929
10	0,0.025580303
8	0,0.566419041
1	0,-0.190755192
5	0,0.350083546
10	0,0.350083546
5	0,-0.244839066
10	1,1.972599758
8	0,0.674586788
15	1,1.431761021
20	0,2.513438496
17	0,-0.623426182
11	0,-0.623426182
6	0,1.431761021
5	0,1.431761021
10	0,-0.190755192
5	0,-0.785677803
16	0,-0.407090687
9	0,-0.082587444
20	0,-0.947929424
14	1,1.215425526
11	0,-0.569342308
15	1,0.512335167
2	1,-0.839761677
1	0,-0.515258434
7	0,0.079664177
6	0,0.350083546
6	1,0.566419041
16	0,-0.628834569
8	0,1.431761021
3	0,-0.136671318
4	0,-0.028503571
11	0,-0.731593929
4	0,-0.407090687
13	0,-0.407090687
1	1,0.890922283
10	0,-0.623426182
18	0,0.350083546
10	0,-0.298922939
1	0,-0.353006813
13	0,-0.893845551
11	0,0.350083546
15	0,0.890922283
20	0,-0.298922939
10	0,0.025580303
11	0,-0.461174561
3	0,-0.190755192
18	0,0.350083546
4	0,-0.461174561
7	0,-0.515258434
8	1,1.648096516
5	0,0.512335167
17	0,-0.461174561
12	0,0.350083546
11	0,-0.515258434
4	0,-0.325964876
9	0,-0.731593929
18	0,0.561010653
4	0,-0.298922939
5	0,-0.785677803
1	1,0.350083546
2	0,-0.947929424
20	0,0.241915798
10	0,0.025580303
14	0,-0.190755192
13	0,-0.190755192
15	0,-0.190755192
9	1,0.674586788
18	0,-0.623426182
11	1,-0.190755192
3	0,0.350083546
9	0,1.431761021
12	0,0.890922283
2	0,-1.002013298
5	0,-0.569342308
17	0,-0.407090687
4	0,-0.785677803
7	0,-0.298922939
2	0,-0.893845551
2	0,-0.947929424
1	0,0.890922283
18	0,-0.461174561
16	0,-0.785677803
4	0,-0.488216498
13	0,-0.947929424
10	0,0.890922283
10	0,0.350083546
16	0,-0.866803614
12	0,0.890922283
15	0,0.241915798
7	1,0.350083546
13	0,-0.731593929
9	0,-0.190755192
8	0,2.513438496
2	0,-0.893845551
14	0,0.025580303
17	0,-0.569342308
10	0,-0.190755192
6	1,1.431761021
1	1,1.756264263
2	0,-0.893845551
1	0,-0.190755192
3	1,0.674586788
11	0,0.890922283
15	0,0.890922283
18	0,0.890922283
11	0,0.241915798
9	1,0.890922283
14	1,0.890922283
6	1,0.025580303
14	0,-0.190755192
9	0,-0.893845551
17	0,-0.407090687
20	0,-0.461174561
13	0,0.025580303
10	0,-0.569342308
4	0,-0.353006813
18	0,0.133748051
9	1,0.025580303
4	0,-0.731593929
13	1,0.620502914
16	1,1.539928768
14	1,0.674586788
4	0,-0.623426182
14	1,0.025580303
16	0,-0.407090687
12	1,1.702180389
11	0,-0.731593929
3	0,0.674586788
14	0,-0.298922939
1	0,-0.515258434
9	0,0.025580303
18	0,0.133748051
1	0,-0.082587444
20	0,2.513438496
18	0,-0.461174561
1	0,0.782754536
10	1,0.025580303
10	0,-0.461174561
1	0,0.458251293
3	0,0.133748051
20	0,-0.677510056
14	1,0.674586788
18	0,0.890922283
17	0,-0.639651344
20	0,0.890922283
4	0,-0.190755192
7	0,0.133748051
16	0,0.566419041
10	0,-0.298922939
11	0,0.0255803031200
5	0,-0.298922939900
10	1,1.4317610212500
18	0,0.5664190411700
17	0,-0.407090687800
1	0,-0.731593929500
20	0,0.8909222832000
16	1,0.8909222832000
14	0,-0.1907551921000
20	0,-0.407090687800
9	0,1.8103481372850
4	0,0.3500835461500
9	0,0.0796641771250
1	0,0.1878319241350
3	0,0.0255803031200
9	1,0.0796641771250
2	0,-0.731593929500
8	0,1.4317610212500
10	0,-0.0825874441100
20	0,-0.461174561750
11	0,-0.461174561750
4	0,-0.1907551921000
11	0,-0.1907551921000
3	0,-0.1907551921000
12	0,0.0255803031200
18	0,0.0255803031200
1	0,0.0255803031200
1	0,0.8909222832000
20	0,0.0255803031200
3	0,0.0255803031200
4	0,-0.866803614375
16	0,-0.1907551921000
10	0,-0.1907551921000
6	0,-0.569342308650
2	0,-1.002013298250
5	0,-0.785677803450
10	0,-0.407090687800
13	1,-0.461174561750
7	0,-0.623426182600
1	0,0.0255803031200
1	1,-0.1907551921000
4	0,-0.244839066950
10	0,-0.1907551921000
8	0,1.4317610212500
14	0,0.3500835461500
6	0,-0.785677803450